50
483
231802169 851447418 180415749
49300215 706617428 452474952
885190096 454401864 908013264
107139929 663699940 406916728
698059364 940488009 862787898
698059364 940488009 84248887
454401864 901259481 498537144
488281752 885190096 43426644
586954944 231802169 49300215
180415749 862787898 893525523
488281752 885190096 862787898
851447418 913369274 387532784
84248887 657013128 851447418
5762849 519929497 893525523
698059364 940488009 893525523
771156518 733542002 862787898
901259481 390966748 908013264
425368257 87561567 893525523
678643787 144028411 913369274
231802169 851447418 908013264
107139929 663699940 893525523
733542002 230559602 862787898
940488009 709499364 43426644
519929497 216683799 498537144
851447418 913369274 406916728
745965655 488281752 908013264
387532784 824715981 586954944
657013128 706617428 387532784
43426644 893525523 387532784
657013128 706617428 862787898
862787898 406916728 84248887
49300215 656440110 771156518
706617428 452474952 180415749
908013264 454401864 588985938
885190096 454401864 180415749
519929497 216683799 893525523
233586394 131513991 180415749
733542002 230559602 893525523
49300215 771156518 733542002
940488009 709499364 387532784
488281752 885190096 84248887
488281752 885190096 406916728
95859682 816268481 908013264
95859682 816268481 406916728
709499364 678643787 498537144
87561567 481941957 180415749
816268481 1180991 387532784
87561567 481941957 498537144
709499364 678643787 180415749
537390247 745965655 862787898
180415749 745965655 233586394
745965655 488281752 387532784
49300215 678643787 656440110
698059364 940488009 43426644
588985938 95859682 406916728
885190096 454401864 498537144
233586394 131513991 862787898
49300215 537390247 745965655
5762849 519929497 387532784
308769750 824715981 43426644
87561567 481941957 862787898
231802169 851447418 84248887
733542002 230559602 43426644
448842880 425368257 498537144
49300215 95859682 816268481
144028411 586954944 406916728
230559602 537390247 84248887
656440110 771156518 498537144
657013128 706617428 893525523
95859682 816268481 862787898
588985938 95859682 498537144
885190096 454401864 893525523
663699940 657013128 862787898
588985938 95859682 84248887
95859682 816268481 84248887
406916728 43426644 908013264
49300215 448842880 425368257
49300215 231802169 908013264
816268481 1180991 893525523
425368257 87561567 908013264
233586394 131513991 908013264
49300215 709499364 678643787
862787898 406916728 893525523
678643787 656440110 893525523
49300215 454401864 901259481
586954944 308769750 908013264
862787898 406916728 387532784
95859682 816268481 498537144
390966748 448842880 908013264
5762849 519929497 180415749
851447418 913369274 908013264
95859682 816268481 43426644
678643787 656440110 387532784
481941957 180415749 387532784
709499364 678643787 43426644
745965655 488281752 43426644
745965655 488281752 498537144
144028411 586954944 862787898
216683799 588985938 43426644
390966748 448842880 893525523
913369274 107139929 387532784
657013128 706617428 908013264
940488009 709499364 84248887
698059364 940488009 180415749
745965655 488281752 893525523
144028411 586954944 498537144
49300215 231802169 387532784
49300215 231802169 893525523
131513991 698059364 387532784
107139929 663699940 498537144
95859682 816268481 387532784
448842880 425368257 180415749
231802169 851447418 43426644
390966748 448842880 498537144
745965655 488281752 862787898
43426644 893525523 84248887
452474952 5762849 84248887
913369274 107139929 406916728
488281752 885190096 387532784
233586394 131513991 387532784
131513991 698059364 180415749
49300215 216683799 588985938
678643787 656440110 84248887
49300215 913369274 107139929
824715981 233586394 180415749
49300215 231802169 498537144
862787898 406916728 908013264
49300215 131513991 698059364
87561567 390966748 231802169
913369274 107139929 43426644
940488009 709499364 908013264
901259481 390966748 498537144
1180991 851447418 49300215
816268481 1180991 406916728
107139929 663699940 43426644
107139929 663699940 862787898
308769750 824715981 862787898
901259481 390966748 180415749
49300215 663699940 657013128
49300215 885190096 454401864
1180991 144028411 43426644
901259481 390966748 43426644
709499364 678643787 387532784
49300215 519929497 216683799
663699940 231802169 49300215
771156518 733542002 84248887
663699940 657013128 498537144
144028411 586954944 84248887
452474952 5762849 498537144
49300215 745965655 488281752
656440110 771156518 908013264
913369274 107139929 893525523
656440110 771156518 84248887
851447418 913369274 862787898
49300215 231802169 862787898
406916728 481941957 230559602
230559602 537390247 43426644
733542002 230559602 180415749
588985938 95859682 43426644
771156518 733542002 406916728
771156518 733542002 43426644
448842880 425368257 84248887
940488009 308769750 144028411
230559602 537390247 387532784
233586394 131513991 84248887
425368257 87561567 180415749
180415749 862787898 908013264
824715981 233586394 893525523
706617428 452474952 387532784
452474952 5762849 387532784
448842880 663699940 851447418
488281752 885190096 180415749
230559602 537390247 180415749
657013128 706617428 406916728
308769750 824715981 406916728
107139929 663699940 908013264
851447418 913369274 180415749
216683799 663699940 913369274
107139929 663699940 180415749
95859682 816268481 893525523
488281752 885190096 908013264
824715981 233586394 908013264
481941957 180415749 43426644
390966748 448842880 84248887
454401864 901259481 908013264
519929497 216683799 908013264
390966748 448842880 862787898
698059364 940488009 387532784
425368257 95859682 588985938
233586394 131513991 893525523
733542002 230559602 498537144
663699940 657013128 387532784
216683799 588985938 387532784
657013128 706617428 498537144
481941957 180415749 84248887
824715981 233586394 84248887
824715981 233586394 43426644
49300215 231802169 84248887
406916728 43426644 498537144
913369274 107139929 84248887
733542002 230559602 84248887
49300215 230559602 537390247
519929497 216683799 180415749
49300215 1180991 144028411
913369274 107139929 498537144
588985938 95859682 387532784
709499364 216683799 706617428
481941957 586954944 49300215
231802169 851447418 406916728
49300215 231802169 851447418
678643787 656440110 180415749
1180991 144028411 862787898
49300215 824715981 233586394
733542002 230559602 387532784
885190096 107139929 231802169
537390247 745965655 893525523
308769750 824715981 180415749
43426644 87561567 488281752
216683799 588985938 862787898
656440110 771156518 387532784
771156518 733542002 498537144
657013128 706617428 180415749
498537144 84248887 908013264
663699940 657013128 908013264
425368257 87561567 862787898
588985938 216683799 657013128
498537144 913369274 49300215
390966748 448842880 387532784
84248887 387532784 908013264
454401864 901259481 406916728
913369274 107139929 908013264
144028411 586954944 43426644
49300215 851447418 913369274
452474952 5762849 406916728
901259481 390966748 893525523
678643787 656440110 862787898
87561567 481941957 43426644
49300215 816268481 1180991
824715981 233586394 406916728
771156518 733542002 180415749
709499364 678643787 406916728
231802169 851447418 387532784
706617428 452474952 862787898
940488009 709499364 862787898
913369274 851447418 49300215
390966748 885190096 452474952
49300215 940488009 709499364
5762849 519929497 908013264
663699940 657013128 84248887
901259481 390966748 862787898
824715981 233586394 387532784
5762849 913369274 851447418
519929497 216683799 387532784
454401864 901259481 43426644
49300215 452474952 5762849
49300215 698059364 940488009
733542002 308769750 706617428
745965655 698059364 144028411
537390247 745965655 43426644
824715981 233586394 862787898
308769750 824715981 498537144
481941957 180415749 498537144
230559602 537390247 406916728
308769750 824715981 893525523
733542002 230559602 406916728
940488009 709499364 406916728
519929497 216683799 406916728
824715981 95859682 216683799
706617428 452474952 43426644
454401864 901259481 862787898
448842880 425368257 43426644
885190096 454401864 406916728
43426644 893525523 498537144
663699940 657013128 43426644
885190096 454401864 387532784
230559602 537390247 908013264
698059364 940488009 908013264
709499364 678643787 893525523
586954944 308769750 406916728
893525523 498537144 908013264
709499364 678643787 908013264
231802169 851447418 498537144
901259481 885190096 107139929
425368257 87561567 43426644
816268481 1180991 43426644
5762849 519929497 406916728
180415749 862787898 84248887
49300215 233586394 131513991
851447418 913369274 893525523
586954944 308769750 387532784
498537144 84248887 387532784
131513991 698059364 43426644
230559602 452474952 657013128
87561567 481941957 908013264
537390247 745965655 180415749
5762849 519929497 84248887
131513991 698059364 498537144
49300215 231802169 180415749
656440110 771156518 180415749
216683799 588985938 84248887
5762849 519929497 498537144
698059364 940488009 406916728
678643787 656440110 908013264
862787898 406916728 498537144
448842880 425368257 406916728
481941957 180415749 862787898
452474952 5762849 862787898
448842880 425368257 908013264
816268481 913369274 851447418
537390247 745965655 498537144
454401864 901259481 84248887
816268481 1180991 908013264
49300215 586954944 308769750
454401864 901259481 180415749
406916728 43426644 84248887
49300215 5762849 519929497
940488009 709499364 893525523
586954944 308769750 862787898
425368257 87561567 498537144
657013128 913369274 231802169
230559602 537390247 498537144
656440110 771156518 862787898
481941957 180415749 908013264
49300215 87561567 481941957
231802169 851447418 862787898
678643787 656440110 498537144
87561567 481941957 893525523
885190096 454401864 862787898
706617428 452474952 893525523
406916728 43426644 387532784
519929497 5762849 231802169
816268481 1180991 498537144
180415749 862787898 43426644
131513991 698059364 862787898
144028411 1180991 816268481
49300215 144028411 586954944
131513991 231802169 49300215
87561567 481941957 84248887
893525523 498537144 387532784
49300215 588985938 95859682
816268481 1180991 862787898
537390247 745965655 84248887
709499364 678643787 84248887
586954944 308769750 893525523
663699940 657013128 406916728
87561567 481941957 406916728
454401864 678643787 95859682
49300215 390966748 448842880
452474952 5762849 180415749
678643787 656440110 406916728
231802169 851447418 49300215
390966748 448842880 43426644
231802169 851447418 893525523
216683799 588985938 498537144
706617428 452474952 84248887
5762849 519929497 43426644
308769750 824715981 908013264
1180991 144028411 406916728
144028411 586954944 387532784
663699940 657013128 893525523
180415749 862787898 498537144
588985938 95859682 862787898
824715981 233586394 498537144
862787898 406916728 43426644
893525523 498537144 84248887
216683799 588985938 893525523
49300215 657013128 706617428
537390247 745965655 387532784
771156518 733542002 387532784
913369274 107139929 180415749
95859682 816268481 180415749
537390247 745965655 406916728
588985938 95859682 893525523
1180991 144028411 893525523
586954944 308769750 180415749
406916728 43426644 893525523
481941957 180415749 406916728
706617428 452474952 406916728
706617428 452474952 908013264
586954944 308769750 498537144
733542002 230559602 908013264
49300215 425368257 87561567
454401864 901259481 893525523
216683799 588985938 908013264
49300215 901259481 390966748
851447418 913369274 43426644
656440110 771156518 43426644
308769750 824715981 84248887
49300215 107139929 663699940
144028411 586954944 180415749
771156518 678643787 816268481
308769750 706617428 663699940
131513991 698059364 406916728
452474952 5762849 908013264
519929497 216683799 43426644
452474952 913369274 851447418
233586394 131513991 498537144
131513991 698059364 908013264
308769750 824715981 387532784
678643787 656440110 43426644
49300215 733542002 230559602
452474952 5762849 43426644
851447418 913369274 84248887
657013128 706617428 43426644
588985938 95859682 908013264
49300215 308769750 824715981
43426644 893525523 908013264
425368257 87561567 84248887
940488009 709499364 498537144
216683799 588985938 180415749
698059364 940488009 498537144
233586394 588985938 913369274
885190096 454401864 43426644
49300215 231802169 406916728
745965655 488281752 406916728
901259481 390966748 406916728
1180991 144028411 180415749
180415749 862787898 406916728
519929497 216683799 84248887
425368257 87561567 387532784
537390247 231802169 49300215
862787898 824715981 816268481
706617428 452474952 498537144
771156518 733542002 893525523
586954944 308769750 84248887
901259481 390966748 84248887
588985938 95859682 180415749
452474952 5762849 893525523
481941957 180415749 893525523
537390247 745965655 908013264
233586394 131513991 406916728
893525523 488281752 131513991
851447418 913369274 498537144
454401864 901259481 387532784
230559602 537390247 862787898
131513991 698059364 84248887
940488009 709499364 180415749
913369274 107139929 862787898
5762849 519929497 862787898
657013128 706617428 84248887
233586394 131513991 43426644
448842880 425368257 387532784
771156518 733542002 908013264
488281752 885190096 498537144
745965655 488281752 84248887
230559602 537390247 893525523
1180991 144028411 387532784
95859682 851447418 231802169
656440110 771156518 893525523
131513991 698059364 893525523
448842880 425368257 893525523
698059364 1180991 452474952
107139929 231802169 49300215
816268481 1180991 180415749
1180991 144028411 908013264
87561567 481941957 387532784
107139929 663699940 84248887
448842880 425368257 862787898
586954944 308769750 43426644
488281752 1180991 107139929
390966748 448842880 406916728
49300215 231802169 43426644
144028411 586954944 908013264
1180991 144028411 498537144
49300215 488281752 885190096
488281752 885190096 893525523
663699940 657013128 180415749
656440110 940488009 49300215
390966748 448842880 180415749
709499364 678643787 862787898
519929497 216683799 862787898
885190096 454401864 84248887
745965655 488281752 180415749
180415749 862787898 387532784
816268481 1180991 84248887
425368257 87561567 406916728
216683799 588985938 406916728
706617428 663699940 913369274
144028411 586954944 893525523
1180991 144028411 84248887
107139929 663699940 387532784
901259481 390966748 387532784
656440110 771156518 406916728
