20
483
938384419 279039857 339823096
285242185 378981868 149065841
119030019 938384419 285242185
279039857 167808125 83908849
465996427 385450862 779038943
378981868 149065841 279039857
632467293 378981868 717404175
465996427 149065841 753774096
385450862 927030495 654858653
385450862 927030495 717404175
641734693 465996427 378981868
607447803 641734693 938384419
149065841 717404175 779038943
753774096 339823096 83908849
339823096 149065841 465996427
654858653 378981868 753774096
717404175 167808125 641734693
378981868 279039857 464057341
717404175 119030019 339823096
717404175 927030495 385450862
927030495 167808125 464057341
632467293 753774096 83908849
753774096 717404175 465996427
632467293 607447803 938384419
119030019 717404175 632467293
938384419 607447803 279039857
167808125 654858653 385450862
753774096 285242185 927030495
717404175 149065841 167808125
149065841 654858653 464057341
279039857 149065841 167808125
465996427 279039857 641734693
149065841 654858653 378981868
632467293 938384419 285242185
119030019 465996427 167808125
927030495 378981868 119030019
385450862 927030495 641734693
385450862 149065841 119030019
654858653 753774096 119030019
279039857 149065841 654858653
83908849 149065841 385450862
285242185 654858653 607447803
149065841 279039857 779038943
385450862 119030019 378981868
938384419 607447803 285242185
607447803 464057341 279039857
464057341 119030019 149065841
378981868 279039857 927030495
149065841 717404175 753774096
654858653 641734693 779038943
119030019 938384419 378981868
119030019 938384419 654858653
717404175 167808125 339823096
149065841 717404175 339823096
378981868 779038943 119030019
779038943 465996427 83908849
83908849 753774096 465996427
119030019 938384419 279039857
753774096 632467293 149065841
654858653 641734693 753774096
149065841 465996427 938384419
285242185 632467293 339823096
279039857 385450862 632467293
339823096 632467293 779038943
167808125 654858653 285242185
607447803 464057341 927030495
654858653 641734693 339823096
464057341 779038943 83908849
167808125 279039857 465996427
465996427 279039857 167808125
607447803 339823096 632467293
607447803 385450862 717404175
378981868 464057341 632467293
938384419 385450862 641734693
779038943 83908849 938384419
927030495 465996427 632467293
149065841 753774096 465996427
378981868 641734693 654858653
385450862 927030495 285242185
654858653 285242185 149065841
279039857 717404175 339823096
938384419 607447803 632467293
779038943 83908849 753774096
654858653 83908849 285242185
654858653 607447803 641734693
607447803 464057341 167808125
938384419 607447803 465996427
464057341 279039857 339823096
285242185 378981868 654858653
385450862 607447803 339823096
279039857 465996427 167808125
285242185 378981868 279039857
753774096 465996427 464057341
149065841 717404175 83908849
641734693 119030019 83908849
607447803 464057341 753774096
119030019 938384419 717404175
641734693 378981868 753774096
641734693 779038943 465996427
119030019 938384419 167808125
641734693 385450862 464057341
465996427 119030019 654858653
632467293 279039857 83908849
378981868 83908849 607447803
927030495 465996427 641734693
279039857 149065841 641734693
464057341 385450862 339823096
927030495 465996427 285242185
378981868 779038943 654858653
465996427 279039857 717404175
83908849 632467293 938384419
119030019 938384419 339823096
167808125 149065841 654858653
465996427 464057341 339823096
119030019 938384419 385450862
385450862 927030495 753774096
279039857 339823096 927030495
378981868 339823096 632467293
339823096 641734693 938384419
285242185 83908849 654858653
938384419 607447803 378981868
607447803 149065841 119030019
632467293 83908849 339823096
385450862 465996427 938384419
641734693 385450862 119030019
385450862 927030495 167808125
927030495 339823096 779038943
279039857 927030495 632467293
717404175 83908849 149065841
632467293 378981868 119030019
938384419 607447803 927030495
339823096 285242185 167808125
385450862 167808125 285242185
119030019 938384419 641734693
167808125 654858653 83908849
607447803 464057341 938384419
279039857 654858653 385450862
641734693 717404175 779038943
779038943 83908849 717404175
717404175 167808125 632467293
149065841 378981868 83908849
938384419 927030495 339823096
279039857 149065841 339823096
339823096 938384419 119030019
464057341 385450862 632467293
927030495 465996427 779038943
927030495 465996427 149065841
465996427 927030495 607447803
927030495 465996427 167808125
779038943 654858653 167808125
607447803 464057341 285242185
927030495 465996427 339823096
149065841 654858653 927030495
753774096 339823096 938384419
119030019 938384419 464057341
632467293 753774096 285242185
654858653 753774096 717404175
149065841 464057341 654858653
378981868 339823096 285242185
167808125 607447803 938384419
149065841 717404175 641734693
927030495 385450862 607447803
632467293 285242185 938384419
717404175 167808125 378981868
385450862 927030495 378981868
279039857 149065841 378981868
632467293 779038943 717404175
753774096 779038943 83908849
149065841 717404175 654858653
753774096 938384419 119030019
465996427 279039857 149065841
119030019 927030495 717404175
167808125 717404175 119030019
938384419 607447803 717404175
464057341 465996427 938384419
83908849 632467293 119030019
641734693 167808125 464057341
279039857 717404175 927030495
753774096 654858653 83908849
632467293 607447803 285242185
641734693 119030019 779038943
119030019 753774096 285242185
641734693 149065841 285242185
167808125 632467293 779038943
167808125 119030019 285242185
385450862 607447803 149065841
385450862 927030495 279039857
753774096 464057341 938384419
607447803 938384419 149065841
464057341 938384419 119030019
119030019 464057341 83908849
465996427 717404175 632467293
607447803 464057341 641734693
607447803 464057341 378981868
717404175 385450862 285242185
465996427 279039857 378981868
654858653 641734693 632467293
279039857 149065841 83908849
632467293 753774096 779038943
927030495 149065841 654858653
641734693 149065841 378981868
607447803 464057341 779038943
753774096 717404175 83908849
149065841 339823096 779038943
339823096 464057341 119030019
938384419 607447803 464057341
654858653 378981868 607447803
607447803 641734693 119030019
378981868 654858653 149065841
465996427 279039857 779038943
641734693 279039857 285242185
465996427 339823096 83908849
119030019 938384419 149065841
465996427 927030495 654858653
632467293 779038943 119030019
927030495 465996427 378981868
279039857 385450862 83908849
753774096 779038943 285242185
927030495 464057341 119030019
607447803 464057341 339823096
167808125 654858653 779038943
654858653 285242185 927030495
607447803 149065841 753774096
753774096 632467293 339823096
938384419 607447803 339823096
149065841 279039857 464057341
339823096 632467293 83908849
149065841 607447803 654858653
654858653 779038943 464057341
167808125 654858653 339823096
779038943 753774096 378981868
285242185 465996427 385450862
119030019 938384419 753774096
149065841 717404175 167808125
927030495 632467293 938384419
385450862 927030495 779038943
279039857 149065841 285242185
753774096 83908849 167808125
938384419 464057341 285242185
149065841 717404175 632467293
654858653 641734693 83908849
385450862 927030495 632467293
285242185 339823096 717404175
464057341 378981868 607447803
654858653 464057341 938384419
149065841 378981868 607447803
938384419 607447803 385450862
607447803 167808125 632467293
654858653 641734693 378981868
717404175 167808125 779038943
641734693 465996427 464057341
378981868 119030019 779038943
938384419 607447803 641734693
753774096 83908849 607447803
465996427 607447803 779038943
607447803 464057341 83908849
607447803 464057341 717404175
385450862 779038943 938384419
753774096 927030495 385450862
279039857 149065841 753774096
385450862 753774096 83908849
464057341 385450862 279039857
464057341 385450862 285242185
119030019 465996427 632467293
607447803 464057341 632467293
927030495 717404175 641734693
654858653 717404175 779038943
465996427 385450862 167808125
119030019 465996427 149065841
465996427 464057341 285242185
149065841 717404175 378981868
167808125 464057341 119030019
167808125 464057341 938384419
753774096 779038943 654858653
339823096 149065841 83908849
167808125 654858653 641734693
938384419 607447803 753774096
938384419 927030495 83908849
632467293 378981868 464057341
938384419 279039857 632467293
654858653 119030019 378981868
464057341 927030495 83908849
464057341 385450862 779038943
938384419 607447803 149065841
167808125 927030495 339823096
927030495 465996427 717404175
464057341 385450862 654858653
378981868 339823096 753774096
654858653 464057341 607447803
385450862 927030495 83908849
753774096 779038943 607447803
149065841 641734693 927030495
465996427 279039857 339823096
641734693 607447803 632467293
385450862 717404175 938384419
464057341 385450862 927030495
339823096 753774096 779038943
149065841 464057341 119030019
717404175 465996427 641734693
339823096 378981868 753774096
119030019 167808125 779038943
149065841 339823096 607447803
779038943 632467293 149065841
654858653 641734693 119030019
654858653 83908849 717404175
607447803 464057341 654858653
279039857 927030495 149065841
938384419 632467293 779038943
779038943 654858653 927030495
465996427 279039857 753774096
717404175 167808125 654858653
279039857 378981868 607447803
938384419 167808125 119030019
167808125 285242185 927030495
464057341 149065841 285242185
464057341 385450862 465996427
464057341 385450862 83908849
378981868 339823096 83908849
465996427 279039857 285242185
632467293 654858653 465996427
641734693 378981868 285242185
632467293 654858653 779038943
378981868 465996427 385450862
654858653 632467293 717404175
464057341 465996427 607447803
753774096 167808125 464057341
938384419 607447803 654858653
938384419 607447803 83908849
149065841 83908849 464057341
119030019 938384419 927030495
641734693 378981868 632467293
927030495 607447803 654858653
464057341 641734693 378981868
641734693 385450862 938384419
717404175 607447803 641734693
464057341 927030495 938384419
149065841 465996427 641734693
607447803 938384419 119030019
464057341 339823096 83908849
607447803 464057341 149065841
378981868 641734693 119030019
927030495 465996427 753774096
385450862 927030495 465996427
717404175 465996427 339823096
717404175 167808125 83908849
717404175 632467293 753774096
465996427 279039857 654858653
378981868 654858653 927030495
464057341 385450862 753774096
119030019 167808125 378981868
607447803 339823096 119030019
779038943 654858653 607447803
938384419 779038943 119030019
285242185 717404175 927030495
717404175 167808125 753774096
149065841 167808125 119030019
167808125 339823096 385450862
654858653 938384419 378981868
927030495 465996427 83908849
938384419 654858653 753774096
378981868 149065841 927030495
641734693 378981868 779038943
938384419 607447803 779038943
465996427 279039857 927030495
464057341 654858653 119030019
385450862 938384419 119030019
465996427 378981868 607447803
83908849 927030495 607447803
279039857 149065841 717404175
285242185 83908849 465996427
339823096 927030495 285242185
83908849 285242185 641734693
607447803 641734693 753774096
607447803 464057341 385450862
753774096 607447803 119030019
149065841 641734693 464057341
167808125 753774096 779038943
464057341 717404175 83908849
464057341 385450862 167808125
927030495 149065841 607447803
167808125 641734693 607447803
279039857 149065841 632467293
753774096 632467293 378981868
717404175 149065841 753774096
464057341 385450862 717404175
339823096 632467293 285242185
607447803 464057341 465996427
167808125 654858653 378981868
779038943 339823096 465996427
339823096 641734693 279039857
654858653 385450862 753774096
167808125 654858653 753774096
167808125 279039857 607447803
279039857 119030019 167808125
654858653 83908849 385450862
167808125 641734693 339823096
753774096 339823096 149065841
938384419 339823096 753774096
119030019 378981868 632467293
654858653 465996427 607447803
654858653 641734693 285242185
641734693 339823096 83908849
632467293 753774096 607447803
119030019 938384419 465996427
285242185 83908849 119030019
632467293 717404175 938384419
464057341 641734693 119030019
167808125 465996427 83908849
779038943 927030495 607447803
465996427 654858653 753774096
632467293 339823096 938384419
654858653 279039857 83908849
927030495 465996427 654858653
465996427 654858653 378981868
279039857 717404175 607447803
641734693 779038943 119030019
779038943 641734693 464057341
464057341 385450862 378981868
779038943 83908849 285242185
938384419 927030495 753774096
339823096 779038943 83908849
378981868 339823096 779038943
465996427 717404175 607447803
279039857 607447803 641734693
385450862 927030495 339823096
149065841 285242185 927030495
927030495 779038943 83908849
641734693 385450862 753774096
927030495 465996427 279039857
285242185 938384419 119030019
779038943 339823096 167808125
119030019 938384419 83908849
167808125 779038943 465996427
641734693 717404175 149065841
464057341 385450862 641734693
385450862 927030495 149065841
279039857 149065841 779038943
83908849 779038943 378981868
285242185 654858653 464057341
641734693 927030495 285242185
285242185 632467293 378981868
119030019 938384419 607447803
654858653 779038943 465996427
927030495 632467293 83908849
927030495 119030019 753774096
938384419 607447803 119030019
607447803 717404175 119030019
285242185 83908849 378981868
83908849 641734693 279039857
654858653 279039857 779038943
339823096 119030019 632467293
83908849 779038943 385450862
779038943 339823096 279039857
279039857 938384419 119030019
149065841 717404175 285242185
641734693 378981868 83908849
607447803 149065841 378981868
779038943 385450862 464057341
339823096 632467293 753774096
385450862 119030019 465996427
927030495 83908849 385450862
465996427 279039857 83908849
167808125 654858653 632467293
753774096 632467293 465996427
779038943 927030495 938384419
119030019 938384419 779038943
632467293 641734693 279039857
717404175 938384419 119030019
119030019 927030495 339823096
779038943 717404175 285242185
464057341 938384419 779038943
385450862 83908849 938384419
641734693 378981868 339823096
167808125 465996427 632467293
779038943 641734693 938384419
119030019 938384419 632467293
464057341 385450862 149065841
717404175 167808125 285242185
279039857 385450862 464057341
465996427 279039857 632467293
632467293 465996427 385450862
938384419 607447803 167808125
927030495 641734693 464057341
