35
489
381609751 352342142 497975965
139607700 416440346 31404755
139607700 416440346 451063216
449599009 585377094 381609751
556246975 362606983 579228170
139607700 416440346 267184892
3502495 77348023 434389252
141620584 497975965 451063216
362606983 141620584 486378223
434389252 761113818 451063216
172859227 494244713 142720761
449599009 585377094 429205171
416440346 679891165 381609751
77348023 139607700 284942317
3502495 77348023 530132557
416440346 679891165 31404755
438002498 519161408 451063216
429205171 811888780 497975965
958130724 383963322 530132557
519161408 556246975 31404755
958130724 497975965 556246975
362606983 141620584 534996185
172859227 494244713 284942317
534996185 381609751 142720761
142720761 434389252 284942317
77348023 139607700 142720761
77348023 139607700 451063216
556246975 362606983 761113818
494244713 501571583 486378223
534996185 381609751 486378223
585377094 579228170 434389252
352342142 811888780 494244713
534996185 381609751 429205171
77348023 139607700 534996185
142720761 434389252 761113818
501571583 31404755 381609751
381609751 142720761 451063216
434389252 141620584 519161408
416440346 679891165 494244713
215026391 438002498 579228170
449599009 585377094 451063216
215026391 438002498 196933669
494244713 501571583 142720761
381609751 142720761 434389252
494244713 501571583 579228170
556246975 362606983 451063216
579228170 196933669 761113818
77348023 139607700 585377094
449599009 585377094 284942317
172859227 494244713 579228170
519161408 556246975 761113818
172859227 494244713 530132557
494244713 501571583 429205171
31404755 449599009 761113818
519161408 556246975 494244713
494244713 501571583 530132557
383963322 352342142 267184892
497975965 958130724 530132557
585377094 579228170 429205171
958130724 383963322 196933669
449599009 585377094 761113818
497975965 958130724 142720761
77348023 139607700 530132557
519161408 556246975 142720761
434389252 761113818 267184892
362606983 141620584 494244713
438002498 519161408 215026391
215026391 438002498 449599009
362606983 141620584 761113818
534996185 381609751 451063216
416440346 679891165 142720761
679891165 172859227 449599009
811888780 3502495 31404755
77348023 139607700 579228170
679891165 172859227 585377094
449599009 585377094 579228170
761113818 429205171 530132557
579228170 196933669 429205171
494244713 501571583 267184892
519161408 556246975 267184892
196933669 534996185 486378223
196933669 534996185 761113818
556246975 362606983 434389252
141620584 497975965 530132557
381609751 142720761 267184892
31404755 449599009 142720761
679891165 172859227 142720761
141620584 497975965 761113818
416440346 679891165 449599009
142720761 434389252 486378223
31404755 449599009 429205171
172859227 494244713 434389252
383963322 352342142 530132557
139607700 416440346 284942317
958130724 383963322 284942317
139607700 416440346 534996185
383963322 352342142 142720761
215026391 497975965 958130724
215026391 438002498 486378223
811888780 3502495 449599009
451063216 579228170 416440346
494244713 501571583 284942317
381609751 142720761 429205171
438002498 519161408 142720761
352342142 811888780 284942317
958130724 383963322 381609751
141620584 497975965 494244713
679891165 172859227 486378223
3502495 77348023 494244713
215026391 438002498 142720761
383963322 352342142 761113818
438002498 519161408 494244713
501571583 31404755 284942317
267184892 438002498 215026391
811888780 3502495 267184892
142720761 381609751 519161408
497975965 958130724 534996185
31404755 449599009 486378223
352342142 811888780 429205171
958130724 383963322 142720761
438002498 519161408 579228170
501571583 31404755 142720761
139607700 416440346 585377094
352342142 811888780 434389252
497975965 958130724 381609751
172859227 494244713 267184892
579228170 196933669 284942317
172859227 494244713 585377094
811888780 3502495 284942317
3502495 77348023 284942317
215026391 438002498 761113818
139607700 416440346 761113818
556246975 362606983 429205171
31404755 449599009 196933669
519161408 556246975 449599009
519161408 556246975 585377094
215026391 438002498 451063216
196933669 534996185 267184892
352342142 811888780 381609751
556246975 362606983 196933669
494244713 501571583 434389252
196933669 534996185 142720761
352342142 811888780 579228170
494244713 501571583 31404755
501571583 31404755 429205171
139607700 416440346 530132557
579228170 196933669 530132557
556246975 362606983 449599009
416440346 679891165 434389252
958130724 383963322 267184892
438002498 519161408 449599009
438002498 519161408 31404755
3502495 77348023 579228170
172859227 494244713 451063216
31404755 449599009 267184892
362606983 141620584 434389252
579228170 196933669 142720761
497975965 958130724 585377094
362606983 141620584 142720761
519161408 556246975 451063216
139607700 362606983 556246975
215026391 519161408 556246975
139607700 416440346 381609751
141620584 362606983 519161408
958130724 383963322 451063216
438002498 519161408 761113818
494244713 501571583 381609751
362606983 141620584 31404755
486378223 761113818 362606983
215026391 416440346 679891165
3502495 77348023 196933669
77348023 139607700 449599009
3502495 77348023 761113818
215026391 438002498 585377094
679891165 172859227 267184892
958130724 383963322 579228170
556246975 362606983 534996185
811888780 3502495 381609751
519161408 556246975 486378223
434389252 761113818 486378223
679891165 172859227 501571583
196933669 534996185 530132557
284942317 530132557 267184892
31404755 449599009 434389252
958130724 383963322 31404755
383963322 352342142 381609751
77348023 139607700 429205171
215026391 438002498 534996185
579228170 196933669 451063216
486378223 451063216 267184892
585377094 579228170 761113818
416440346 679891165 579228170
172859227 139607700 3502495
811888780 3502495 530132557
585377094 579228170 451063216
77348023 139607700 761113818
3502495 77348023 449599009
352342142 811888780 142720761
215026391 438002498 267184892
811888780 3502495 585377094
501571583 31404755 196933669
141620584 497975965 585377094
497975965 958130724 196933669
761113818 429205171 486378223
141620584 497975965 381609751
434389252 761113818 530132557
3502495 77348023 486378223
31404755 449599009 585377094
141620584 497975965 579228170
172859227 494244713 429205171
196933669 501571583 215026391
215026391 438002498 31404755
585377094 579228170 267184892
172859227 494244713 196933669
494244713 501571583 534996185
497975965 958130724 486378223
449599009 585377094 434389252
362606983 519161408 215026391
438002498 519161408 501571583
556246975 362606983 501571583
3502495 77348023 585377094
139607700 416440346 579228170
679891165 172859227 381609751
497975965 958130724 761113818
31404755 449599009 579228170
416440346 679891165 451063216
519161408 556246975 501571583
352342142 811888780 196933669
352342142 811888780 449599009
585377094 579228170 142720761
811888780 3502495 494244713
519161408 556246975 381609751
381609751 142720761 530132557
139607700 416440346 196933669
381609751 142720761 284942317
429205171 284942317 486378223
139607700 416440346 449599009
31404755 449599009 534996185
352342142 811888780 267184892
3502495 77348023 381609751
383963322 352342142 429205171
362606983 141620584 267184892
497975965 556246975 519161408
501571583 31404755 434389252
449599009 585377094 530132557
31404755 497975965 556246975
416440346 679891165 585377094
172859227 494244713 761113818
141620584 497975965 429205171
449599009 585377094 534996185
416440346 679891165 429205171
142720761 434389252 451063216
534996185 362606983 556246975
196933669 534996185 381609751
362606983 141620584 196933669
172859227 494244713 534996185
530132557 486378223 267184892
352342142 811888780 31404755
449599009 585377094 196933669
497975965 958130724 284942317
172859227 494244713 31404755
497975965 958130724 267184892
429205171 284942317 267184892
579228170 501571583 497975965
3502495 77348023 267184892
556246975 362606983 381609751
172859227 494244713 449599009
434389252 761113818 429205171
284942317 530132557 451063216
579228170 196933669 534996185
958130724 383963322 494244713
519161408 556246975 196933669
438002498 519161408 434389252
416440346 679891165 530132557
215026391 139607700 416440346
501571583 31404755 761113818
585377094 579228170 486378223
811888780 3502495 534996185
556246975 519161408 215026391
141620584 497975965 267184892
449599009 585377094 142720761
139607700 416440346 142720761
579228170 196933669 486378223
362606983 141620584 429205171
77348023 139607700 494244713
534996185 381609751 434389252
77348023 139607700 434389252
172859227 494244713 381609751
556246975 362606983 31404755
215026391 352342142 811888780
31404755 449599009 284942317
215026391 958130724 383963322
438002498 519161408 381609751
438002498 519161408 429205171
215026391 383963322 352342142
438002498 519161408 534996185
141620584 497975965 31404755
679891165 172859227 534996185
585377094 416440346 958130724
3502495 77348023 501571583
519161408 556246975 530132557
352342142 811888780 530132557
530132557 486378223 451063216
352342142 811888780 486378223
383963322 352342142 486378223
142720761 434389252 429205171
811888780 3502495 142720761
497975965 958130724 494244713
585377094 579228170 530132557
139607700 416440346 429205171
3502495 77348023 451063216
449599009 585377094 267184892
501571583 31404755 579228170
811888780 3502495 486378223
215026391 141620584 497975965
679891165 172859227 284942317
172859227 494244713 486378223
811888780 3502495 434389252
215026391 679891165 172859227
501571583 172859227 139607700
383963322 352342142 434389252
196933669 534996185 434389252
196933669 534996185 284942317
585377094 579228170 196933669
534996185 381609751 284942317
958130724 383963322 501571583
352342142 811888780 585377094
679891165 172859227 429205171
679891165 172859227 530132557
416440346 679891165 501571583
77348023 139607700 267184892
501571583 31404755 449599009
494244713 501571583 761113818
172859227 494244713 501571583
139607700 416440346 486378223
383963322 352342142 534996185
434389252 761113818 284942317
679891165 172859227 196933669
556246975 362606983 267184892
215026391 438002498 530132557
352342142 811888780 451063216
141620584 497975965 284942317
519161408 556246975 579228170
3502495 77348023 534996185
494244713 501571583 451063216
362606983 141620584 381609751
534996185 381609751 761113818
497975965 958130724 449599009
3502495 77348023 31404755
215026391 438002498 381609751
215026391 438002498 434389252
429205171 284942317 451063216
958130724 383963322 534996185
497975965 958130724 429205171
556246975 362606983 585377094
416440346 679891165 534996185
381609751 142720761 486378223
215026391 362606983 141620584
196933669 534996185 429205171
383963322 519161408 215026391
362606983 141620584 530132557
556246975 362606983 494244713
811888780 3502495 429205171
77348023 139607700 196933669
416440346 679891165 486378223
383963322 352342142 449599009
215026391 438002498 494244713
534996185 381609751 530132557
141620584 497975965 501571583
438002498 519161408 585377094
352342142 811888780 534996185
761113818 429205171 284942317
497975965 958130724 501571583
501571583 31404755 486378223
958130724 383963322 449599009
362606983 141620584 451063216
139607700 416440346 501571583
585377094 579228170 381609751
77348023 958130724 497975965
141620584 497975965 449599009
3502495 77348023 142720761
31404755 449599009 530132557
362606983 141620584 284942317
215026391 438002498 429205171
383963322 352342142 501571583
383963322 352342142 196933669
31404755 449599009 381609751
556246975 362606983 284942317
958130724 383963322 486378223
383963322 352342142 31404755
958130724 383963322 434389252
362606983 141620584 501571583
416440346 679891165 284942317
497975965 958130724 579228170
362606983 141620584 579228170
811888780 3502495 579228170
519161408 556246975 534996185
381609751 142720761 761113818
139607700 416440346 494244713
579228170 196933669 267184892
501571583 31404755 530132557
284942317 434389252 352342142
579228170 196933669 381609751
438002498 519161408 267184892
501571583 31404755 585377094
383963322 352342142 284942317
141620584 497975965 534996185
679891165 172859227 579228170
497975965 958130724 31404755
438002498 519161408 486378223
142720761 434389252 267184892
3502495 77348023 429205171
501571583 31404755 534996185
383963322 352342142 451063216
556246975 362606983 142720761
679891165 172859227 451063216
530132557 585377094 494244713
31404755 449599009 451063216
383963322 352342142 585377094
215026391 556246975 362606983
416440346 679891165 761113818
519161408 556246975 434389252
141620584 497975965 434389252
438002498 519161408 284942317
761113818 139607700 77348023
77348023 139607700 31404755
497975965 958130724 451063216
585377094 579228170 534996185
519161408 556246975 429205171
958130724 383963322 761113818
438002498 519161408 530132557
438002498 519161408 196933669
449599009 585377094 486378223
811888780 3502495 451063216
383963322 352342142 494244713
416440346 679891165 196933669
679891165 172859227 434389252
77348023 139607700 501571583
494244713 501571583 449599009
352342142 556246975 215026391
958130724 383963322 429205171
141620584 497975965 486378223
501571583 31404755 267184892
761113818 429205171 267184892
679891165 172859227 31404755
383963322 352342142 579228170
139607700 416440346 434389252
3502495 556246975 215026391
534996185 381609751 267184892
142720761 434389252 530132557
519161408 556246975 284942317
494244713 501571583 196933669
958130724 383963322 585377094
679891165 172859227 494244713
215026391 77348023 139607700
352342142 811888780 761113818
77348023 139607700 486378223
215026391 3502495 77348023
679891165 556246975 519161408
811888780 3502495 761113818
579228170 196933669 434389252
761113818 429205171 451063216
679891165 172859227 761113818
501571583 31404755 451063216
497975965 958130724 434389252
196933669 534996185 451063216
811888780 362606983 519161408
215026391 438002498 284942317
352342142 811888780 501571583
811888780 3502495 196933669
556246975 362606983 530132557
494244713 352342142 362606983
141620584 497975965 196933669
811888780 3502495 501571583
416440346 679891165 267184892
215026391 438002498 519161408
362606983 141620584 449599009
215026391 438002498 501571583
215026391 811888780 3502495
284942317 530132557 486378223
141620584 497975965 142720761
429205171 284942317 530132557
585377094 579228170 284942317
77348023 139607700 381609751
362606983 141620584 585377094
416440346 438002498 215026391
556246975 362606983 486378223
449599009 172859227 383963322
494244713 501571583 585377094
